62
56
59
73
47
55
53
58
59
52
53
57
63
54
48
50
46
52
55
57
61
46
68
55
59
52
67
53
59
49
53
48
60
55
54
52
49
52
51
53
52
47
46
46
41
41
58
59
63
52
62
48
41
55
49
58
44
51
59
56
46
45
55
42
58
47
50
60
56
54
41
37
49
63
45
49
43
42
37
42
45
57
41
55
41
54
45
57
54
56
52
55
49
64
54
42
51
45
47
62
81
96
85
81
93
91
77
87
78
92
81
89
65
79
97
89
83
79
95
86
84
75
89
84
78
94
74
84
69
67
88
81
82
96
91
79
87
87
96
86
86
91
88
90
83
80
84
92
82
73
73
95
91
78
82
79
88
91
80
86
104
90
97
111
86
88
97
95
91
77
94
93
92
82
84
87
80
78
73
73
87
79
92
88
84
77
95
72
87
81
82
92
78
78
86
91
95
83
80
82
