56
55
48
47
51
51
39
44
43
33
52
42
58
46
40
39
47
45
43
45
43
41
49
55
46
53
57
45
52
51
40
52
48
41
50
43
52
45
36
36
44
41
40
36
38
40
35
47
43
49
47
38
31
37
52
47
50
45
43
48
41
50
30
41
52
40
42
57
37
44
46
40
47
58
50
42
48
41
47
42
55
54
53
52
62
54
56
53
40
42
51
51
43
41
37
31
55
60
46
42
67
58
70
62
57
72
69
54
52
62
67
71
81
64
62
67
83
68
80
59
60
72
54
64
73
59
62
64
63
62
61
70
68
72
63
54
72
65
75
69
69
72
70
58
69
71
66
60
63
60
58
70
56
65
57
65
59
74
74
84
67
64
69
63
73
68
60
70
52
70
64
57
54
75
58
67
84
73
64
65
67
65
69
65
59
55
63
66
59
53
76
71
60
67
59
68
68
74
67
62
