51
72
68
47
58
63
56
71
67
60
53
62
55
64
52
61
63
63
56
64
50
52
54
42
60
60
54
83
75
57
44
53
45
48
71
71
72
82
70
75
70
68
60
60
59
55
58
63
51
55
63
63
71
53
52
64
64
67
63
81
58
72
72
67
72
71
55
58
42
66
58
57
69
69
82
74
82
70
76
81
75
86
56
60
53
50
59
55
54
56
54
50
59
53
45
66
52
61
43
64
97
90
86
88
70
90
79
69
60
81
78
78
85
74
76
100
100
92
65
82
98
80
58
84
76
75
85
103
95
85
64
76
95
65
72
100
79
81
72
93
90
105
91
88
88
76
84
79
87
82
87
84
75
91
86
67
88
90
61
93
94
83
93
68
83
72
83
68
101
71
78
74
87
72
81
107
71
87
66
82
79
78
76
64
62
68
80
56
76
85
57
91
84
77
77
76
89
69
86
65
