60
45
56
54
45
50
57
53
40
50
50
47
62
56
41
42
40
47
49
63
59
62
47
45
38
50
50
58
66
47
56
51
59
64
50
52
58
40
43
54
47
60
61
57
57
60
56
48
42
50
42
43
46
59
64
63
60
63
51
51
47
67
55
49
50
50
48
59
41
45
54
54
50
52
52
59
38
57
61
55
51
59
53
55
69
44
54
43
55
55
53
49
67
61
59
54
59
50
64
51
87
104
105
83
95
80
96
98
100
96
103
89
92
102
93
94
85
100
86
95
85
90
98
104
89
84
105
87
90
97
91
113
95
78
97
94
101
103
92
85
89
91
98
100
102
85
100
98
98
81
78
97
105
88
109
86
93
98
94
102
106
100
111
107
95
93
105
98
98
108
86
92
90
97
86
83
86
104
93
109
99
89
72
101
94
91
88
96
90
78
93
99
80
98
95
84
93
94
97
97
