72
60
58
66
61
54
64
65
66
66
70
59
57
58
70
55
87
80
92
97
86
84
84
89
74
53
60
63
61
63
62
57
53
59
65
53
64
70
72
78
61
76
76
81
85
79
81
69
59
58
58
69
62
62
84
94
92
95
85
87
81
86
82
90
46
69
57
62
46
49
69
59
62
70
58
58
45
41
57
56
58
65
67
66
79
54
55
63
57
57
56
59
69
46
62
67
58
69
82
78
45
92
69
58
72
75
69
88
64
102
99
89
100
92
96
65
77
77
81
82
78
57
59
98
68
81
77
65
86
103
85
83
82
81
87
64
87
79
90
97
62
83
91
89
73
83
66
88
59
100
71
81
45
83
63
87
80
80
80
72
47
58
63
81
54
71
60
67
51
53
47
48
61
57
62
87
75
69
49
53
57
61
72
73
55
74
69
79
99
84
71
70
81
72
55
67
65
49
46
53
