46
63
41
72
59
40
67
50
50
70
78
74
58
73
70
54
64
65
67
71
65
62
58
66
71
70
64
60
57
70
72
76
70
44
59
58
80
77
57
79
68
60
74
60
75
68
57
65
57
68
69
64
56
58
56
71
59
77
64
78
61
81
77
63
58
58
64
57
65
57
62
64
73
56
63
59
59
93
94
91
89
96
104
111
92
85
85
55
59
67
75
55
59
61
71
59
66
77
62
57
75
83
95
60
73
69
71
91
82
74
88
85
74
73
78
55
69
70
67
63
66
77
69
64
62
44
54
58
76
77
65
74
67
76
44
70
72
58
79
48
62
82
52
57
30
48
63
58
53
61
36
59
64
50
69
70
72
97
67
67
92
112
49
68
61
59
64
63
53
82
60
62
60
57
81
93
102
85
77
54
60
64
99
75
84
83
68
63
87
81
69
86
79
97
78
82
67
84
103
66
