77
84
49
88
57
70
43
81
69
69
74
53
75
69
72
67
63
59
86
78
76
75
93
83
73
79
71
92
86
77
51
66
59
58
70
78
84
61
50
71
56
71
72
65
74
70
63
68
69
63
60
76
64
81
86
78
69
71
70
80
75
72
73
73
67
55
64
68
72
59
73
80
72
106
110
123
99
113
120
115
116
106
96
65
57
63
61
69
66
77
68
67
83
71
101
73
67
88
88
75
69
90
57
84
76
71
89
74
45
70
116
83
75
59
56
99
54
50
40
71
43
30
65
39
70
80
74
55
66
85
40
61
67
54
55
81
60
85
67
60
74
50
67
41
40
58
33
57
51
57
56
64
71
86
94
78
66
71
89
65
37
52
53
43
36
61
80
48
103
91
86
97
78
90
66
43
69
51
61
67
56
71
61
76
80
41
93
75
88
50
77
90
61
41
93
68
68
40
63
48
