42
52
55
49
55
60
57
57
58
63
60
48
45
54
52
57
52
57
58
48
54
70
53
53
57
54
47
47
55
55
53
57
55
54
55
64
41
62
49
43
48
45
46
51
56
50
48
50
38
56
61
59
56
52
47
50
55
63
57
60
50
57
58
59
63
61
51
38
48
47
53
64
44
64
50
55
57
70
59
59
35
51
69
53
59
51
63
60
63
47
55
63
49
47
52
48
50
52
50
48
78
99
99
102
96
117
98
104
105
101
119
81
101
97
84
87
97
97
102
97
108
97
103
87
87
97
91
94
102
97
113
100
95
101
91
85
84
104
97
96
96
100
96
103
106
97
104
90
106
105
109
85
107
106
95
100
104
90
106
94
95
87
96
104
114
106
90
95
113
93
96
98
85
98
114
88
97
85
96
100
96
105
100
102
103
92
92
94
95
93
95
86
105
96
94
106
91
91
93
107
