53
47
53
54
60
48
52
32
40
50
62
48
61
45
54
54
62
59
61
59
56
52
58
67
55
61
59
65
50
57
56
65
45
59
48
51
58
63
62
55
41
56
50
60
61
65
56
48
59
56
52
53
52
48
61
57
44
50
50
55
60
51
52
69
47
57
48
58
35
56
66
54
72
63
67
67
64
56
66
56
50
51
61
62
52
55
50
73
54
42
55
52
66
64
54
65
68
67
67
65
100
90
85
93
91
84
99
95
76
103
101
88
93
93
89
88
84
79
90
83
94
99
103
82
94
97
90
89
92
72
79
103
87
87
89
117
102
79
82
101
84
83
92
86
90
103
97
81
95
92
93
95
100
102
99
99
83
97
86
93
99
87
95
97
91
91
88
95
93
91
85
103
94
93
90
92
93
81
89
91
99
91
109
87
87
90
88
100
92
88
105
101
94
105
100
103
93
93
87
85
